[2009-apr-06,neutral] : 0.9362987692325209	0.0025179498335863087	0.0025179498335863087	0.0025179498335863087	0.0025179498335863087	0.0025179498335863087	0.0025179498335863087	0.0025179498335863087	0.0025179498335863087	0.0025179498335863087	0.0025179498335863087	0.0025179498335863087	0.0025179498335863087	0.0025179498335863087	0.005424926577772356	0.0025179498335863087	0.0025179498335863087	0.0025179498335863087	0.015471157018739641	0.0025179498335863087	
[2009-apr-06,positive] : 0.22564001551112567	0.001128730844724598	0.038667124460185553	4.909757426837817E-4	0.0029598101664054235	0.006457759982182539	0.7044971059267484	4.909757426837817E-4	4.909757426837817E-4	4.909757426837817E-4	0.01363225068724128	4.909757426837817E-4	4.909757426837817E-4	4.909757426837817E-4	0.0011254935091812436	4.909757426837817E-4	4.909757426837817E-4	4.909757426837817E-4	4.909757426837817E-4	4.909757426837817E-4	
[2009-apr-06,negative] : 0.8487527781978188	0.11368983893442844	9.648510813384903E-4	9.648510813384903E-4	9.648510813384903E-4	9.648510813384903E-4	0.003323341647376226	9.648510813384903E-4	0.0022148510813384905	0.0021330753804039114	9.648510813384903E-4	9.648510813384903E-4	9.648510813384903E-4	0.016378199619895176	9.648510813384903E-4	9.648510813384903E-4	9.648510813384903E-4	9.648510813384903E-4	9.648510813384903E-4	9.648510813384903E-4	
[2009-apr-07,neutral] : 0.9764533658802107	5.43194893082761E-4	5.43194893082761E-4	5.43194893082761E-4	5.43194893082761E-4	5.43194893082761E-4	5.43194893082761E-4	0.0012657382456839168	5.43194893082761E-4	0.009543149483209138	0.004046628101572149	5.43194893082761E-4	5.43194893082761E-4	5.43194893082761E-4	5.43194893082761E-4	5.43194893082761E-4	5.43194893082761E-4	5.43194893082761E-4	5.43194893082761E-4	5.43194893082761E-4	
[2009-apr-07,positive] : 0.20863344415827587	1.0013440867422195E-4	0.007345792457144764	7.398478170672618E-4	1.0013440867422195E-4	0.008768823849210967	0.7354950496569825	1.0013440867422195E-4	1.0013440867422195E-4	0.015928292721135454	0.021787002027418307	1.0013440867422195E-4	1.0013440867422195E-4	1.0013440867422195E-4	1.0013440867422195E-4	1.0013440867422195E-4	1.0013440867422195E-4	1.0013440867422195E-4	1.0013440867422195E-4	1.0013440867422195E-4	
[2009-apr-07,negative] : 0.8475042192050987	0.13234588729174365	1.7489470609217514E-4	3.9810899180646084E-4	1.7489470609217514E-4	1.7489470609217514E-4	0.014758617357164397	1.7489470609217514E-4	8.019850070955197E-4	1.7489470609217514E-4	1.7489470609217514E-4	1.7489470609217514E-4	1.7489470609217514E-4	1.7489470609217514E-4	3.839248064266233E-4	1.7489470609217514E-4	0.0015336261614664931	1.7489470609217514E-4	1.7489470609217514E-4	1.7489470609217514E-4	
[2009-apr-17,neutral] : 0.9108487196472111	0.0046921726501467885	0.0046921726501467885	0.0046921726501467885	0.0046921726501467885	0.0046921726501467885	0.0046921726501467885	0.0046921726501467885	0.0046921726501467885	0.0046921726501467885	0.0046921726501467885	0.0046921726501467885	0.0046921726501467885	0.0046921726501467885	0.0046921726501467885	0.0046921726501467885	0.0046921726501467885	0.0046921726501467885	0.0046921726501467885	0.0046921726501467885	
[2009-apr-17,positive] : 0.272329844800114	5.425359801628389E-4	0.020216357075376997	5.425359801628389E-4	5.425359801628389E-4	5.425359801628389E-4	0.6859460905521948	5.425359801628389E-4	5.425359801628389E-4	0.008070456325823776	0.0026001415062680204	5.425359801628389E-4	5.425359801628389E-4	0.0012182116558385149	5.425359801628389E-4	0.0012145789909155272	0.0012182116558385149	0.0012182116558385149	5.425359801628389E-4	5.425359801628389E-4	
[2009-apr-17,negative] : 0.8095476700760262	0.15117501481661363	0.001491602299541349	0.001491602299541349	0.001491602299541349	0.006681574880818279	0.004941354869012229	0.001491602299541349	0.0033572739413323944	0.001491602299541349	0.001491602299541349	0.001491602299541349	0.001491602299541349	0.001491602299541349	0.001491602299541349	0.001491602299541349	0.001491602299541349	0.001491602299541349	0.0034146792226182735	0.001491602299541349	
[2009-apr-18,neutral] : 0.9841767288049487	5.227816042185494E-4	5.227816042185494E-4	0.0025353168235848884	5.227816042185494E-4	5.227816042185494E-4	5.227816042185494E-4	5.227816042185494E-4	5.227816042185494E-4	5.227816042185494E-4	5.227816042185494E-4	5.227816042185494E-4	0.0031965783956623994	0.0011638072452441904	5.227816042185494E-4	5.227816042185494E-4	0.0010858446672816124	5.227816042185494E-4	5.227816042185494E-4	5.227816042185494E-4	
[2009-apr-18,positive] : 0.2492306104642448	8.255598139864619E-5	0.00789927016774163	1.8569129492999932E-4	1.8569129492999932E-4	0.0035910546986908255	0.7207734995948508	8.255598139864619E-5	8.255598139864619E-5	0.008220870286636962	0.008607514370771027	8.255598139864619E-5	8.255598139864619E-5	8.255598139864619E-5	1.8759799820536888E-4	8.255598139864619E-5	8.255598139864619E-5	8.255598139864619E-5	8.255598139864619E-5	2.926400150120915E-4	
[2009-apr-18,negative] : 0.8317408622647511	0.14868928243247193	1.8888702852321645E-4	1.8888702852321645E-4	1.8888702852321645E-4	1.8888702852321645E-4	0.014729226622933822	1.8888702852321645E-4	4.1866644028792227E-4	1.8888702852321645E-4	1.8888702852321645E-4	1.8888702852321645E-4	1.8888702852321645E-4	1.8888702852321645E-4	6.523272236920994E-4	1.8888702852321645E-4	0.0011252166165381975	1.8888702852321645E-4	1.8888702852321645E-4	1.8888702852321645E-4	
[2009-apr-19,neutral] : 0.9892046691928924	2.933571534071853E-4	2.933571534071853E-4	2.933571534071853E-4	0.0018201436825799754	2.933571534071853E-4	2.933571534071853E-4	6.114233111679996E-4	2.933571534071853E-4	0.0010351969160184613	2.933571534071853E-4	2.933571534071853E-4	0.0018370339233065196	6.577886402876519E-4	2.933571534071853E-4	0.001020101339453697	2.933571534071853E-4	2.933571534071853E-4	2.933571534071853E-4	2.933571534071853E-4	
[2009-apr-19,positive] : 0.23501024068078397	5.7712953487015226E-5	0.014831743862568724	1.2980061207986413E-4	5.7712953487015226E-5	0.007828785532820565	0.7203579173117891	5.7712953487015226E-5	5.7712953487015226E-5	0.0090705890478145	0.011733255496363977	5.7712953487015226E-5	1.2984220911309717E-4	5.7712953487015226E-5	5.7712953487015226E-5	2.7298275830905884E-4	5.7712953487015226E-5	5.7712953487015226E-5	5.7712953487015226E-5	5.7712953487015226E-5	
[2009-apr-19,negative] : 0.8305180996126854	0.143068665094235	1.2265733264491907E-4	1.2265733264491907E-4	1.2265733264491907E-4	4.1996452839819867E-4	0.01927055580166639	1.2265733264491907E-4	1.2265733264491907E-4	2.730785119469648E-4	1.2265733264491907E-4	1.2265733264491907E-4	1.2265733264491907E-4	1.2265733264491907E-4	0.0033627568808436586	1.2265733264491907E-4	1.2265733264491907E-4	1.2265733264491907E-4	0.001492334245840425	1.2265733264491907E-4	
[2009-apr-20,neutral] : 0.9791754804370701	0.002811039193822024	0.0024092743504372646	0.006797768089352672	3.931453181791999E-4	3.931453181791999E-4	3.931453181791999E-4	3.931453181791999E-4	3.931453181791999E-4	3.931453181791999E-4	3.931453181791999E-4	3.931453181791999E-4	3.931453181791999E-4	3.931453181791999E-4	3.931453181791999E-4	0.0029092581566297765	3.931453181791999E-4	3.931453181791999E-4	3.931453181791999E-4	3.931453181791999E-4	
[2009-apr-20,positive] : 0.24060673126599585	9.038121717189882E-5	0.023907553586170572	2.0178941681539257E-4	2.041209805931909E-4	0.019144221311198608	0.6974123856979751	9.038121717189882E-5	9.038121717189882E-5	0.0068574358091651215	0.010354222924920754	2.0360585485305825E-4	9.038121717189882E-5	9.038121717189882E-5	9.038121717189882E-5	9.038121717189882E-5	2.041209805931909E-4	9.038121717189882E-5	9.038121717189882E-5	9.038121717189882E-5	
[2009-apr-20,negative] : 0.8227862447980452	0.14602702273411314	4.083479921314316E-4	1.847343964248126E-4	1.847343964248126E-4	1.847343964248126E-4	0.023652870070160644	1.847343964248126E-4	6.394015965676609E-4	4.1578800086104187E-4	1.847343964248126E-4	4.103661653778812E-4	1.847343964248126E-4	1.847343964248126E-4	0.0011137442663372737	1.847343964248126E-4	0.002046846296106641	1.847343964248126E-4	6.520241160509809E-4	1.847343964248126E-4	
[2009-apr-21,neutral] : 0.9689799944731322	8.914370426352796E-4	8.914370426352796E-4	8.914370426352796E-4	8.914370426352796E-4	0.0020075084712067085	8.914370426352796E-4	8.914370426352796E-4	8.914370426352796E-4	8.914370426352796E-4	8.914370426352796E-4	8.914370426352796E-4	0.008380563488220206	8.914370426352796E-4	8.914370426352796E-4	0.004302825182797005	8.914370426352796E-4	8.914370426352796E-4	8.914370426352796E-4	0.0029575527451146185	
[2009-apr-21,positive] : 0.2182406361271136	3.999398205436424E-4	0.019353211277522955	4.055813421426107E-4	1.7830861486988343E-4	0.017398242747045517	0.7381277948839625	1.7830861486988343E-4	1.7830861486988343E-4	4.003334816549635E-4	0.0030912945302281297	1.7830861486988343E-4	1.7830861486988343E-4	1.7830861486988343E-4	6.21571026217401E-4	1.7830861486988343E-4	1.7830861486988343E-4	1.7830861486988343E-4	1.7830861486988343E-4	1.7830861486988343E-4	
[2009-apr-21,negative] : 0.8521596181180443	0.12799849283158402	3.027173300075787E-4	3.027173300075787E-4	3.027173300075787E-4	3.027173300075787E-4	0.011646173775370328	3.027173300075787E-4	3.027173300075787E-4	3.027173300075787E-4	3.027173300075787E-4	3.027173300075787E-4	3.027173300075787E-4	3.027173300075787E-4	3.027173300075787E-4	3.027173300075787E-4	6.921254296960523E-4	3.027173300075787E-4	0.002234470749460466	0.0010310764757387792	
[2009-mai-01,neutral] : 0.9687854270289861	0.001084000715064386	0.001084000715064386	0.0036302970113606826	0.001084000715064386	0.004025177185652621	0.001084000715064386	0.001084000715064386	0.001084000715064386	0.001084000715064386	0.0024426963672382986	0.001084000715064386	0.0023860840483977195	0.001084000715064386	0.00355430834746314	0.001084000715064386	0.001084000715064386	0.001084000715064386	0.001084000715064386	0.001084000715064386	
[2009-mai-01,positive] : 0.2881144211743922	4.682995669823462E-4	0.005101352353346131	2.0679329083171858E-4	2.0679329083171858E-4	7.170313741692171E-4	0.6844623969067748	2.0679329083171858E-4	2.0679329083171858E-4	0.015954283458017124	0.0022393199007808163	2.0679329083171858E-4	2.0679329083171858E-4	4.613757755567695E-4	2.0679329083171858E-4	2.0679329083171858E-4	2.0679329083171858E-4	2.0679329083171858E-4	2.0679329083171858E-4	2.0679329083171858E-4	
[2009-mai-01,negative] : 0.8453929397742461	0.08739855718975834	4.8434583932467656E-4	4.8434583932467656E-4	4.8434583932467656E-4	0.0016525956482557826	0.03744416104980965	4.8434583932467656E-4	0.015976188232892888	0.001094101936885652	4.8434583932467656E-4	4.8434583932467656E-4	4.8434583932467656E-4	4.8434583932467656E-4	0.0035073364945545837	4.8434583932467656E-4	4.8434583932467656E-4	4.8434583932467656E-4	0.001721969601700914	4.8434583932467656E-4	
[2009-mai-02,neutral] : 0.9903687361195779	3.0224188285279534E-4	3.0224188285279534E-4	3.0224188285279534E-4	7.107386148789393E-4	3.0224188285279534E-4	0.0010908854159758239	3.0224188285279534E-4	3.0224188285279534E-4	0.001076235690902331	3.0224188285279534E-4	3.0224188285279534E-4	3.0224188285279534E-4	3.0224188285279534E-4	0.002219775915873173	3.0224188285279534E-4	3.0224188285279534E-4	3.0224188285279534E-4	3.0224188285279534E-4	3.0224188285279534E-4	
[2009-mai-02,positive] : 0.2403486790072558	1.1602053174949732E-4	0.005388515621773828	5.609466469351612E-4	5.105171678068235E-5	0.009378112264671733	0.7224826773273669	5.105171678068235E-5	5.105171678068235E-5	0.009439808388206815	0.011546611514143625	1.1402400897211812E-4	5.105171678068235E-5	5.105171678068235E-5	5.105171678068235E-5	5.105171678068235E-5	5.105171678068235E-5	1.1408752111754569E-4	5.105171678068235E-5	5.105171678068235E-5	
[2009-mai-02,negative] : 0.8137405297670177	0.17018502271859487	1.212078856306924E-4	1.212078856306924E-4	1.212078856306924E-4	1.212078856306924E-4	0.006520258439509919	1.212078856306924E-4	1.212078856306924E-4	1.212078856306924E-4	4.153255326895159E-4	1.212078856306924E-4	2.694878381811076E-4	4.25344138672055E-4	0.0013658340097969656	1.212078856306924E-4	0.0025481007575612917	1.212078856306924E-4	0.0031968100560390454	1.212078856306924E-4	
[2009-mai-03,neutral] : 0.989259480104146	2.050607801146774E-4	4.427033656660082E-4	6.803459512173391E-4	2.050607801146774E-4	2.050607801146774E-4	2.050607801146774E-4	2.050607801146774E-4	2.050607801146774E-4	2.050607801146774E-4	0.00348019926684422	7.068528948100181E-4	2.050607801146774E-4	7.480408238351485E-4	7.300596875050887E-4	2.050607801146774E-4	2.050607801146774E-4	2.050607801146774E-4	2.050607801146774E-4	0.0014915885446002068	
[2009-mai-03,positive] : 0.24531564403290376	4.111593558653468E-5	0.010392762712289049	4.5297755008406345E-4	4.111593558653468E-5	0.010757265273989928	0.708899161903134	4.111593558653468E-5	9.28329401376311E-5	0.013954678966864122	0.00933444251573129	9.230348677408587E-5	4.111593558653468E-5	4.111593558653468E-5	1.4257697454757363E-4	1.4382752145342047E-4	9.259863739872578E-5	4.111593558653468E-5	4.111593558653468E-5	4.111593558653468E-5	
[2009-mai-03,negative] : 0.7976544053873746	0.15739205222496688	9.314701749589722E-5	2.064743067071393E-4	9.314701749589722E-5	9.314701749589722E-5	0.013554683696200692	9.314701749589722E-5	0.012403073343427634	9.314701749589722E-5	9.314701749589722E-5	9.314701749589722E-5	9.314701749589722E-5	2.071981123864082E-4	0.0027844216434012004	9.314701749589722E-5	0.00820630757183045	9.314701749589722E-5	0.006211925923495134	4.479876152509901E-4	
[2009-mai-04,neutral] : 0.9875878925508436	3.657838811492974E-4	3.657838811492974E-4	3.657838811492974E-4	3.657838811492974E-4	3.657838811492974E-4	3.657838811492974E-4	8.559799595806699E-4	3.657838811492974E-4	7.742806131754411E-4	3.657838811492974E-4	3.657838811492974E-4	0.0012703009050429406	8.559799595806699E-4	0.0012382227042217388	0.002154022771313319	3.657838811492974E-4	8.739139624501104E-4	3.657838811492974E-4	3.657838811492974E-4	
[2009-mai-04,positive] : 0.2632421029019345	9.147938472325905E-5	0.008901059720938936	3.189593822074275E-4	9.147938472325905E-5	0.015617450454383109	0.6824952304726258	9.147938472325905E-5	9.147938472325905E-5	0.008511291487799291	0.019271395110635296	9.147938472325905E-5	9.147938472325905E-5	4.308107242641214E-4	2.0542651325562006E-4	9.147938472325905E-5	9.147938472325905E-5	9.147938472325905E-5	9.147938472325905E-5	9.147938472325905E-5	
[2009-mai-04,negative] : 0.7985734972961697	0.15350345642931154	1.8928830937708674E-4	1.8928830937708674E-4	1.8928830937708674E-4	1.8928830937708674E-4	0.019667151238756078	1.8928830937708674E-4	0.01697365439184898	1.8928830937708674E-4	1.8928830937708674E-4	1.8928830937708674E-4	1.8928830937708674E-4	1.8928830937708674E-4	0.005563329734493167	1.8928830937708674E-4	0.002355739235361869	1.8928830937708674E-4	9.024236521565563E-4	1.8928830937708674E-4	
[2009-mai-09,neutral] : 0.9832568348445253	6.639299174943428E-4	6.639299174943428E-4	0.0014703815303975685	6.639299174943428E-4	6.639299174943428E-4	6.639299174943428E-4	0.0015830475645531663	6.639299174943428E-4	0.0030668573806144224	6.639299174943428E-4	6.639299174943428E-4	6.639299174943428E-4	6.639299174943428E-4	6.639299174943428E-4	6.639299174943428E-4	6.639299174943428E-4	6.639299174943428E-4	6.639299174943428E-4	6.639299174943428E-4	
[2009-mai-09,positive] : 0.27573326106158663	0.056108466506125665	0.028775658237159468	1.1883866193753811E-4	4.122658919844865E-4	0.0015924538962122916	0.626060714956495	1.1883866193753811E-4	1.1883866193753811E-4	0.005585115688488617	0.0041570129295436685	1.1883866193753811E-4	1.1883866193753811E-4	1.1883866193753811E-4	1.1883866193753811E-4	1.1883866193753811E-4	1.1883866193753811E-4	1.1883866193753811E-4	2.678255510912925E-4	1.1883866193753811E-4	
[2009-mai-09,negative] : 0.8018109665351288	0.15722860355265908	3.0727791876977945E-4	3.0727791876977945E-4	3.0727791876977945E-4	3.0727791876977945E-4	0.009187536223020305	3.0727791876977945E-4	0.003387662580740836	3.0727791876977945E-4	0.0018540858691986747	3.0727791876977945E-4	3.0727791876977945E-4	3.0727791876977945E-4	3.0727791876977945E-4	3.0727791876977945E-4	0.004946931823760414	3.0727791876977945E-4	0.017589600471484886	3.0727791876977945E-4	
[2009-mai-10,neutral] : 0.9902487671684632	2.791078857548912E-4	2.791078857548912E-4	5.847313576375318E-4	0.0013474839541309596	9.072485892724793E-4	2.791078857548912E-4	2.791078857548912E-4	2.791078857548912E-4	6.322152303876596E-4	2.791078857548912E-4	2.791078857548912E-4	2.791078857548912E-4	2.791078857548912E-4	2.791078857548912E-4	2.791078857548912E-4	0.0016735505630848316	6.42479978778147E-4	2.791078857548912E-4	6.142285291865266E-4	
[2009-mai-10,positive] : 0.250369076486361	0.0791356363556109	0.01752221572471574	3.035032006155745E-4	1.1356435629705914E-4	0.0010523372552864417	0.6320107279196308	5.036920968431901E-5	5.036920968431901E-5	0.012005120731582105	0.006680210565420768	5.036920968431901E-5	5.036920968431901E-5	5.036920968431901E-5	1.1424248510588264E-4	1.764934811218189E-4	5.036920968431901E-5	5.036920968431901E-5	5.036920968431901E-5	1.1391776077735409E-4	
[2009-mai-10,negative] : 0.796179006196172	0.13964102438224854	1.2232289924428728E-4	1.2232289924428728E-4	1.2232289924428728E-4	2.6869292266349103E-4	0.021941684429984273	1.2232289924428728E-4	0.01918252446051648	1.2232289924428728E-4	2.8095234086865275E-4	1.2232289924428728E-4	1.2232289924428728E-4	1.2232289924428728E-4	0.018448961995573068	1.2232289924428728E-4	0.001831970307682925	1.2232289924428728E-4	8.796310726033761E-4	1.2232289924428728E-4	
[2009-mai-11,neutral] : 0.8892014640977817	0.0022541084424489016	0.0053791084424489035	0.0022541084424489016	0.0049714997467967285	0.0022541084424489016	0.0022541084424489016	0.0022541084424489016	0.0022541084424489016	0.06438219263379034	0.0022541084424489016	0.0022541084424489016	0.0022541084424489016	0.0022541084424489016	0.0022541084424489016	0.0022541084424489016	0.0022541084424489016	0.0022541084424489016	0.0022541084424489016	0.0022541084424489016	
[2009-mai-11,positive] : 0.27280987604151546	3.6491832643455435E-4	0.007729500500449595	8.178168771591922E-4	3.6491832643455435E-4	0.010349593111852299	0.6969233533899638	3.6491832643455435E-4	3.6491832643455435E-4	8.348431384646297E-4	0.005329824084399582	3.6491832643455435E-4	3.6491832643455435E-4	3.6491832643455435E-4	3.6491832643455435E-4	8.2617293898068E-4	3.6491832643455435E-4	3.6491832643455435E-4	3.6491832643455435E-4	3.6491832643455435E-4	
[2009-mai-11,negative] : 0.8361206422855635	0.10616405708963329	7.556431679041959E-4	7.556431679041959E-4	7.556431679041959E-4	7.556431679041959E-4	0.008983931141374125	7.556431679041959E-4	0.00632103933581835	7.556431679041959E-4	7.556431679041959E-4	7.556431679041959E-4	7.556431679041959E-4	0.001681569093830122	0.024395205910403034	7.556431679041959E-4	0.0036255785760075433	7.556431679041959E-4	0.003640258552519581	7.556431679041959E-4	
[2009-mai-13,neutral] : 0.9073380001056756	0.0019234323790231617	0.0019234323790231617	0.0019234323790231617	0.0019234323790231617	0.0019234323790231617	0.0019234323790231617	0.0069868530009544235	0.0019234323790231617	0.052976796449976354	0.0019234323790231617	0.0019234323790231617	0.0019234323790231617	0.0019234323790231617	0.0019234323790231617	0.0019234323790231617	0.0019234323790231617	0.0019234323790231617	0.0019234323790231617	0.0019234323790231617	
[2009-mai-13,positive] : 0.25588749282521317	3.9013496421660813E-4	0.054024579009707835	0.0013516734257550697	3.9013496421660813E-4	8.654201353192698E-4	0.6670834971494831	3.9013496421660813E-4	3.9013496421660813E-4	8.784162142166081E-4	0.014352670581457894	3.9013496421660813E-4	3.9013496421660813E-4	3.9013496421660813E-4	3.9013496421660813E-4	3.9013496421660813E-4	3.9013496421660813E-4	3.9013496421660813E-4	3.9013496421660813E-4	8.746310882476159E-4	
[2009-mai-13,negative] : 0.8049495020002032	0.12065910994290399	7.590467729710947E-4	7.590467729710947E-4	7.590467729710947E-4	7.590467729710947E-4	0.01229116956584626	7.590467729710947E-4	0.0046080203800092185	7.590467729710947E-4	7.590467729710947E-4	7.590467729710947E-4	7.590467729710947E-4	0.03180753409549352	0.008363095013598772	7.590467729710947E-4	0.0035304228032141567	7.590467729710947E-4	0.004682584923077698	7.590467729710947E-4	
[2009-mai-14,neutral] : 0.9861309733439494	3.6917705407019287E-4	3.6917705407019287E-4	3.6917705407019287E-4	3.6917705407019287E-4	3.6917705407019287E-4	3.6917705407019287E-4	3.6917705407019287E-4	3.6917705407019287E-4	8.691770540701929E-4	3.6917705407019287E-4	0.0022411869278486946	3.6917705407019287E-4	3.6917705407019287E-4	0.0029552094427341604	3.6917705407019287E-4	8.613030383221614E-4	3.6917705407019287E-4	3.6917705407019287E-4	0.001773671436092665	
[2009-mai-14,positive] : 0.252600115201575	7.402276313217372E-5	0.01533452144175042	4.432519782674429E-4	1.6447138831307095E-4	0.003608713738642696	0.7120333988558512	7.402276313217372E-5	7.402276313217372E-5	0.008303107304560612	0.006438680460508321	7.402276313217372E-5	7.402276313217372E-5	1.6620565398763095E-4	7.402276313217372E-5	7.402276313217372E-5	7.402276313217372E-5	7.402276313217372E-5	1.6730634522172595E-4	7.402276313217372E-5	
[2009-mai-14,negative] : 0.8332106491012689	0.14245916028164718	1.604747943232166E-4	1.604747943232166E-4	3.670863645711505E-4	1.604747943232166E-4	0.008221842257767457	1.604747943232166E-4	0.0028370866507249426	1.604747943232166E-4	1.604747943232166E-4	1.604747943232166E-4	1.604747943232166E-4	0.0015777409062356456	0.006180939498443114	1.604747943232166E-4	0.002391815391124554	1.604747943232166E-4	7.865181999993435E-4	3.6241340498557525E-4	
[2009-mai-16,neutral] : 0.9744537932149121	9.078556459002921E-4	9.078556459002921E-4	9.078556459002921E-4	0.0021333458419787238	9.078556459002921E-4	0.003396958082991634	9.078556459002921E-4	9.078556459002921E-4	9.078556459002921E-4	9.078556459002921E-4	9.078556459002921E-4	9.078556459002921E-4	9.078556459002921E-4	9.078556459002921E-4	9.078556459002921E-4	9.078556459002921E-4	0.005490212525712813	9.078556459002921E-4	9.078556459002921E-4	
[2009-mai-16,positive] : 0.2497352595543264	1.5405863141470337E-4	0.0013015864611770323	1.5405863141470337E-4	1.5405863141470337E-4	3.437399667713043E-4	0.7359840554459349	1.5405863141470337E-4	1.5405863141470337E-4	0.008978229770079846	7.348734085371111E-4	1.5405863141470337E-4	7.265919502142752E-4	1.5405863141470337E-4	3.469598659826046E-4	1.5405863141470337E-4	1.5405863141470337E-4	1.5405863141470337E-4	1.5405863141470337E-4	1.5405863141470337E-4	
[2009-mai-16,negative] : 0.8403864080057035	0.12636253546149498	3.4982355516208506E-4	3.4982355516208506E-4	7.853636248484963E-4	3.4982355516208506E-4	0.015839462373356816	3.4982355516208506E-4	3.4982355516208506E-4	3.4982355516208506E-4	3.4982355516208506E-4	3.4982355516208506E-4	3.4982355516208506E-4	3.4982355516208506E-4	3.4982355516208506E-4	0.001228626036196014	0.00961489436867483	3.4982355516208506E-4	0.0012350039126182806	3.4982355516208506E-4	
[2009-mai-17,neutral] : 0.9872028616519417	1.6044793779584755E-4	3.521657292068906E-4	6.916094108836663E-4	1.6044793779584755E-4	7.698122916623225E-4	1.6044793779584755E-4	3.4535918039939795E-4	1.6044793779584755E-4	0.007336463225798384	1.6044793779584755E-4	1.6044793779584755E-4	3.6337001571792556E-4	3.733951268929515E-4	3.744890336862585E-4	1.6044793779584755E-4	1.6044793779584755E-4	1.6044793779584755E-4	1.6044793779584755E-4	5.859949558520792E-4	
[2009-mai-17,positive] : 0.26529051447713525	3.168991704379692E-5	0.006254560977137185	7.08013062803426E-5	3.168991704379692E-5	0.004431273014163153	0.7122600144316934	1.1181812217200207E-4	3.168991704379692E-5	0.009063819987012244	0.0020973241280911816	3.168991704379692E-5	3.168991704379692E-5	3.168991704379692E-5	3.168991704379692E-5	3.168991704379692E-5	7.128446883347067E-5	3.168991704379692E-5	3.168991704379692E-5	3.168991704379692E-5	
[2009-mai-17,negative] : 0.7647872528095954	0.17572857527028413	7.652464978179925E-5	7.652464978179925E-5	7.652464978179925E-5	7.652464978179925E-5	0.0243276304095841	1.7479509003337157E-4	0.007095569679070219	1.6946145275577694E-4	1.7479509003337157E-4	7.652464978179925E-5	7.652464978179925E-5	4.519146203295371E-4	0.016008868879786045	7.652464978179925E-5	3.7273649937620616E-4	7.652464978179925E-5	0.010019678351115769	7.652464978179925E-5	
[2009-mai-18,neutral] : 0.9830947142553758	1.701619112443867E-4	6.173891026576247E-4	1.701619112443867E-4	1.701619112443867E-4	3.9538713646961195E-4	1.701619112443867E-4	1.701619112443867E-4	3.9538713646961195E-4	0.011173275397093077	3.7145015601089236E-4	0.0010694511826266813	6.173891026576247E-4	1.701619112443867E-4	1.701619112443867E-4	1.701619112443867E-4	1.701619112443867E-4	3.9377550695100566E-4	1.701619112443867E-4	1.701619112443867E-4	
[2009-mai-18,positive] : 0.23652506599492829	3.273548545807729E-5	0.019931893994577468	1.1357734711766702E-4	3.273548545807729E-5	0.007888993184919263	0.7189057525201196	3.273548545807729E-5	3.273548545807729E-5	0.005932167062853661	0.010194261913450301	7.409882099745521E-5	3.273548545807729E-5	3.273548545807729E-5	3.273548545807729E-5	7.409882099745521E-5	3.273548545807729E-5	3.273548545807729E-5	3.273548545807729E-5	3.273548545807729E-5	
[2009-mai-18,negative] : 0.8253015595198961	0.14292872630258274	2.4955910251053896E-4	7.060419914618677E-5	7.060419914618677E-5	7.060419914618677E-5	0.009276015408076696	7.060419914618677E-5	7.625882156580067E-4	1.60791789333777E-4	7.060419914618677E-5	7.060419914618677E-5	7.060419914618677E-5	1.60791789333777E-4	0.018538308542548648	7.060419914618677E-5	0.0014960661749812967	7.060419914618677E-5	4.195511636164598E-4	7.060419914618677E-5	
[2009-mai-21,neutral] : 0.9405084798058495	0.0022546528243676403	0.0022546528243676403	0.005303433312172519	0.0022546528243676403	0.0022546528243676403	0.0022546528243676403	0.0022546528243676403	0.010581211089950297	0.0022546528243676403	0.0022546528243676403	0.0022546528243676403	0.004754652824367641	0.0022546528243676403	0.0022546528243676403	0.0022546528243676403	0.0022546528243676403	0.0022546528243676403	0.0022546528243676403	0.005032430602145419	
[2009-mai-21,positive] : 0.24350426137360223	6.060614022794451E-4	0.016119206133270995	6.060614022794451E-4	6.060614022794451E-4	0.020202130483370214	0.697544673983306	6.060614022794451E-4	6.060614022794451E-4	6.060614022794451E-4	0.011241514506316658	6.060614022794451E-4	6.060614022794451E-4	0.0013457063726936462	0.0013873114022794452	6.060614022794451E-4	6.060614022794451E-4	6.060614022794451E-4	6.060614022794451E-4	0.0013824589178073954	
[2009-mai-21,negative] : 0.7242947478420579	0.19524846092021872	0.0015507513695335513	0.0015507513695335513	0.0032630801366568393	0.0015507513695335513	0.029953433444537877	0.0015507513695335513	0.0015507513695335513	0.0015507513695335513	0.0015507513695335513	0.007266221637242626	0.0015507513695335513	0.005488003353660536	0.0015507513695335513	0.0015507513695335513	0.012342157877562428	0.0015507513695335513	0.0035348783536605357	0.0015507513695335513	
[2009-mai-22,neutral] : 0.9924494185865494	1.6200948560738068E-4	1.6200948560738068E-4	9.335813744534376E-4	9.856985682104875E-4	1.6200948560738068E-4	3.6010774234272145E-4	1.6200948560738068E-4	1.6200948560738068E-4	0.0024773074186173983	1.6200948560738068E-4	5.257535113232373E-4	1.6200948560738068E-4	1.6200948560738068E-4	1.6200948560738068E-4	1.6200948560738068E-4	1.6200948560738068E-4	1.6200948560738068E-4	1.6200948560738068E-4	1.6200948560738068E-4	
[2009-mai-22,positive] : 0.2612730479622126	3.087644024020106E-5	0.02281492282667836	2.997484754736094E-4	1.463619234814129E-4	0.010173520594612514	0.6872221311651772	3.087644024020106E-5	3.087644024020106E-5	0.008449095257859238	0.009020148770992543	3.087644024020106E-5	3.087644024020106E-5	1.072823082108612E-4	3.087644024020106E-5	1.4677337891440997E-4	3.087644024020106E-5	6.907937422553113E-5	3.087644024020106E-5	3.087644024020106E-5	
[2009-mai-22,negative] : 0.8302316472225513	0.14711246269203906	7.474441851978742E-5	7.474441851978742E-5	7.474441851978742E-5	2.6485848696085204E-4	0.01124579659964307	7.474441851978742E-5	0.0047267973046845315	1.635228276106965E-4	2.6485848696085204E-4	7.474441851978742E-5	7.474441851978742E-5	1.6894185634947848E-4	3.527281101432122E-4	7.474441851978742E-5	0.0010254687199162094	7.474441851978742E-5	0.003770217926462572	7.474441851978742E-5	
[2009-mai-23,neutral] : 0.08958333333333336	0.04791666666666666	0.04791666666666666	0.04791666666666666	0.04791666666666666	0.04791666666666666	0.04791666666666666	0.04791666666666666	0.04791666666666666	0.04791666666666666	0.04791666666666666	0.04791666666666666	0.04791666666666666	0.04791666666666666	0.04791666666666666	0.04791666666666666	0.04791666666666666	0.04791666666666666	0.04791666666666666	0.04791666666666666	
[2009-mai-23,positive] : 0.01443452380952381	0.01443452380952381	0.045684523809523814	0.01443452380952381	0.01443452380952381	0.01443452380952381	0.609672619047619	0.01443452380952381	0.01443452380952381	0.01443452380952381	0.01443452380952381	0.01443452380952381	0.01443452380952381	0.01443452380952381	0.01443452380952381	0.01443452380952381	0.01443452380952381	0.01443452380952381	0.09925595238095238	0.01443452380952381	
[2009-mai-23,negative] : 0.5591071428571429	0.018035714285714287	0.018035714285714287	0.018035714285714287	0.018035714285714287	0.018035714285714287	0.018035714285714287	0.018035714285714287	0.09839285714285714	0.018035714285714287	0.018035714285714287	0.018035714285714287	0.018035714285714287	0.018035714285714287	0.018035714285714287	0.018035714285714287	0.018035714285714287	0.018035714285714287	0.03589285714285714	0.018035714285714287	
[2009-mai-25,neutral] : 0.13333333333333333	0.03958333333333333	0.03958333333333333	0.03958333333333333	0.03958333333333333	0.03958333333333333	0.03958333333333333	0.15416666666666667	0.03958333333333333	0.03958333333333333	0.03958333333333333	0.03958333333333333	0.03958333333333333	0.03958333333333333	0.03958333333333333	0.03958333333333333	0.03958333333333333	0.03958333333333333	0.03958333333333333	0.03958333333333333	
[2009-mai-25,positive] : 0.15970716783216782	0.043798076923076926	0.018186188811188813	0.008570804195804195	0.008570804195804195	0.008570804195804195	0.477145979020979	0.008570804195804195	0.008570804195804195	0.12533945221445222	0.029549825174825177	0.008570804195804195	0.008570804195804195	0.026519522144522148	0.008570804195804195	0.008570804195804195	0.008570804195804195	0.008570804195804195	0.016904137529137532	0.008570804195804195	
[2009-mai-25,negative] : 0.6274206349206349	0.0432936507936508	0.018293650793650792	0.018293650793650792	0.018293650793650792	0.018293650793650792	0.018293650793650792	0.018293650793650792	0.018293650793650792	0.018293650793650792	0.018293650793650792	0.018293650793650792	0.018293650793650792	0.018293650793650792	0.018293650793650792	0.018293650793650792	0.018293650793650792	0.018293650793650792	0.018293650793650792	0.018293650793650792	
[2009-mai-26,neutral] : 0.9842763772834341	7.278551807437816E-4	7.278551807437816E-4	7.278551807437816E-4	7.278551807437816E-4	7.278551807437816E-4	7.278551807437816E-4	7.278551807437816E-4	7.278551807437816E-4	0.0026222294631777655	7.278551807437816E-4	7.278551807437816E-4	7.278551807437816E-4	7.278551807437816E-4	7.278551807437816E-4	7.278551807437816E-4	7.278551807437816E-4	7.278551807437816E-4	7.278551807437816E-4	7.278551807437816E-4	
[2009-mai-26,positive] : 0.262553593971839	1.2724139823575562E-4	0.027528892035224593	2.8526921113082517E-4	2.8526921113082517E-4	4.4269994160941464E-4	0.7044256040921528	2.928043121430404E-4	1.2724139823575562E-4	0.0012368956328899904	0.0010752327726010406	2.8526921113082517E-4	1.2724139823575562E-4	1.2724139823575562E-4	4.432970240258947E-4	1.2724139823575562E-4	1.2724139823575562E-4	1.2724139823575562E-4	1.2724139823575562E-4	1.2724139823575562E-4	
[2009-mai-26,negative] : 0.8363999976745844	0.13700023081567914	2.507300096687791E-4	2.507300096687791E-4	2.507300096687791E-4	2.507300096687791E-4	0.009819810134537001	2.507300096687791E-4	5.563534815514197E-4	2.507300096687791E-4	2.507300096687791E-4	2.507300096687791E-4	2.507300096687791E-4	2.507300096687791E-4	5.72066770594229E-4	2.507300096687791E-4	0.0015360770533705784	2.507300096687791E-4	0.01085597394398925	2.507300096687791E-4	
[2009-mai-27,neutral] : 0.7622001262626263	0.012515782828282827	0.012515782828282827	0.012515782828282827	0.012515782828282827	0.012515782828282827	0.012515782828282827	0.012515782828282827	0.012515782828282827	0.012515782828282827	0.012515782828282827	0.012515782828282827	0.012515782828282827	0.012515782828282827	0.012515782828282827	0.012515782828282827	0.012515782828282827	0.012515782828282827	0.012515782828282827	0.012515782828282827	
[2009-mai-27,positive] : 0.3461962986545618	0.001792948592434231	0.021870317207112057	0.001792948592434231	0.001792948592434231	0.003948121006227335	0.5907064176405532	0.001792948592434231	0.001792948592434231	0.006103293420020439	0.006074271777445941	0.001792948592434231	0.001792948592434231	0.001792948592434231	0.001792948592434231	0.001792948592434231	0.001792948592434231	0.001792948592434231	0.001792948592434231	0.001792948592434231	
[2009-mai-27,negative] : 0.7839836044112362	0.13917714743372636	0.0027348961888435572	0.0027348961888435572	0.0027348961888435572	0.0027348961888435572	0.013063081517028886	0.0027348961888435572	0.0027348961888435572	0.0027348961888435572	0.0027348961888435572	0.0027348961888435572	0.0027348961888435572	0.00620711841106578	0.013167227015911227	0.0027348961888435572	0.006113274567221936	0.0027348961888435572	0.0027348961888435572	0.0027348961888435572	
[2009-mai-28,neutral] : 0.9862817481624471	4.131326831030685E-4	0.0014458744211691638	0.0021075320337524193	0.0014257138519342375	4.131326831030685E-4	4.131326831030685E-4	4.131326831030685E-4	4.131326831030685E-4	9.613782971381563E-4	4.131326831030685E-4	9.711683973887828E-4	4.131326831030685E-4	0.0014358599558303411	4.131326831030685E-4	4.131326831030685E-4	4.131326831030685E-4	4.131326831030685E-4	4.131326831030685E-4	4.131326831030685E-4	
[2009-mai-28,positive] : 0.2756407726445788	8.169880607019912E-5	0.01510564650645807	8.169880607019912E-5	2.8234086064483796E-4	2.8234086064483796E-4	0.7002258974405453	8.169880607019912E-5	1.8340751233545543E-4	0.005794313293307428	0.001402520106267811	8.169880607019912E-5	8.169880607019912E-5	8.169880607019912E-5	8.169880607019912E-5	1.840739084453015E-4	8.169880607019912E-5	8.169880607019912E-5	8.169880607019912E-5	8.169880607019912E-5	
[2009-mai-28,negative] : 0.8144995538325502	0.15134710129213666	1.8594445825625597E-4	1.8594445825625597E-4	1.8594445825625597E-4	1.8594445825625597E-4	0.018457178309338903	1.8594445825625597E-4	8.677626400744378E-4	1.8594445825625597E-4	1.8594445825625597E-4	1.8594445825625597E-4	1.8594445825625597E-4	1.8594445825625597E-4	0.00923465825441093	1.8594445825625597E-4	0.001143785221851646	1.8594445825625597E-4	0.0017981609163208918	4.2046603424124665E-4	
[2009-mai-29,neutral] : 0.9871561681825334	2.4204464041237877E-4	1.0300125887733982E-4	2.1460840173448268E-4	1.0300125887733982E-4	1.0300125887733982E-4	1.0300125887733982E-4	1.0300125887733982E-4	5.686010480396995E-4	2.1460840173448268E-4	1.0300125887733982E-4	1.0300125887733982E-4	0.008704052294935712	1.0300125887733982E-4	0.0012810915179036757	1.0300125887733982E-4	1.0300125887733982E-4	1.0300125887733982E-4	1.0300125887733982E-4	3.8281040617814453E-4	
[2009-mai-29,positive] : 0.2636208179384404	1.8394481221604137E-5	0.010877546661743119	6.406614711908136E-5	6.382424680401373E-5	0.0021033373138249476	0.7082554568625757	1.8394481221604137E-5	1.8394481221604137E-5	0.007965951672107233	0.0060924258334190615	4.09821212649724E-5	1.8394481221604137E-5	7.088942972928578E-4	1.8394481221604137E-5	4.114657441417785E-5	1.8394481221604137E-5	1.8394481221604137E-5	1.8394481221604137E-5	1.8394481221604137E-5	
[2009-mai-29,negative] : 0.8359406761700985	0.14184632668540725	1.443578073189158E-4	4.0923798216722986E-5	4.0923798216722986E-5	1.4600996887666412E-4	0.0084236264183262	4.0923798216722986E-5	0.0049534196729202635	9.200675694169234E-5	4.0923798216722986E-5	4.0923798216722986E-5	4.0923798216722986E-5	4.0923798216722986E-5	2.421172520541331E-4	4.0923798216722986E-5	0.0014479889293610687	4.0923798216722986E-5	0.006156760002657694	2.383961520871811E-4	
[2009-mai-30,neutral] : 0.9965382687880877	6.482307435762524E-5	6.482307435762524E-5	1.5291327872689938E-4	6.482307435762524E-5	1.4956883706948964E-4	6.482307435762524E-5	6.482307435762524E-5	6.482307435762524E-5	6.435214807479665E-4	2.148316539367969E-4	2.4100348309617352E-4	6.530913951840856E-4	1.4207894580385517E-4	6.482307435762524E-5	6.482307435762524E-5	1.3732887482166236E-4	6.482307435762524E-5	1.3732887482166236E-4	4.066567184848092E-4	
[2009-mai-30,positive] : 0.24257799310131406	1.1499515124694781E-5	0.013211852528555777	1.1499515124694781E-5	2.597380877916444E-5	0.005463431654908496	0.7180833049287783	1.1499515124694781E-5	1.1499515124694781E-5	0.009022447829744908	0.0019457285787953013	1.1499515124694781E-5	1.1499515124694781E-5	4.0507002593837156E-5	1.1499515124694781E-5	1.1499515124694781E-5	2.60192038225691E-5	2.585578019877311E-5	1.1499515124694781E-5	0.009473389946386638	
[2009-mai-30,negative] : 0.8014032266146699	0.15533179225114746	2.820658292019671E-5	2.820658292019671E-5	2.820658292019671E-5	6.161117939267132E-5	0.020397243122145286	2.820658292019671E-5	0.006500896665034866	6.161117939267132E-5	2.820658292019671E-5	2.820658292019671E-5	2.820658292019671E-5	3.189256544893919E-4	4.289643794809661E-4	6.271790263306253E-5	8.262584436681248E-4	2.820658292019671E-5	0.014207163253823516	1.739366907604765E-4	
[2009-mai-31,neutral] : 0.9423933351834289	6.474601983850734E-5	6.474601983850734E-5	2.2880744684029283E-4	0.0027848069403513718	2.3969353558378375E-4	6.474601983850734E-5	1.5107198668933607E-4	2.3969353558378375E-4	0.0011230566654231488	6.474601983850734E-5	6.474601983850734E-5	0.05065400271069391	1.515515753940629E-4	0.0012321163142296348	6.474601983850734E-5	1.4943436672197618E-4	1.3446158035161385E-4	6.474601983850734E-5	6.474601983850734E-5	
[2009-mai-31,positive] : 0.23885976756608748	1.2470884767342184E-5	0.012481809721429423	5.955650830815728E-5	2.833785607985805E-5	0.007058052132956233	0.724407057257107	1.2470884767342184E-5	1.2470884767342184E-5	0.010413525418956758	0.0025149817383680415	1.2470884767342184E-5	1.2470884767342184E-5	2.797572227664509E-5	1.2470884767342184E-5	1.2470884767342184E-5	0.0040242272307571	1.2470884767342184E-5	1.2470884767342184E-5	1.2470884767342184E-5	
[2009-mai-31,negative] : 0.7765316206256743	0.17666292967439745	3.0458246894893123E-5	6.875481552234411E-5	3.0458246894893123E-5	3.0458246894893123E-5	0.018522866653703483	3.0458246894893123E-5	0.0066431882200457685	3.0458246894893123E-5	3.0458246894893123E-5	3.0458246894893123E-5	3.0458246894893123E-5	1.079029520710444E-4	0.006251528905732789	3.0458246894893123E-5	0.00143353779739496	3.0458246894893123E-5	0.013404001703890962	6.908618261800809E-5	
[2009-jun-01,neutral] : 0.933934539325181	5.555106975394608E-5	5.555106975394608E-5	5.555106975394608E-5	5.555106975394608E-5	0.0541175941107383	5.555106975394608E-5	1.3017793542558788E-4	5.555106975394608E-5	5.555106975394608E-5	5.555106975394608E-5	5.555106975394608E-5	0.010506767318573793	5.555106975394608E-5	5.555106975394608E-5	5.555106975394608E-5	5.555106975394608E-5	5.555106975394608E-5	1.2780540501406166E-4	4.054009285119867E-4	
[2009-jun-01,positive] : 0.24459338318362514	1.173520327418717E-5	0.012185523198428106	2.6249834021980942E-5	1.173520327418717E-5	0.005518966699816621	0.7152092346217103	2.6575521450608874E-5	1.173520327418717E-5	0.010026571321698471	0.005184934225073748	1.173520327418717E-5	1.173520327418717E-5	4.128603069735502E-5	1.173520327418717E-5	7.056565391543908E-5	0.0070110928800946925	1.173520327418717E-5	1.173520327418717E-5	1.173520327418717E-5	
