[2009-apr-06,neutral] : 0.9194007880220646	0.0019651330544947568	0.0019651330544947568	0.0019651330544947568	0.009811286900648603	0.0019651330544947568	0.0019651330544947568	0.0019651330544947568	0.0019651330544947568	0.005811286900648602	0.0019651330544947568	0.0019651330544947568	0.010066606049584774	0.005668836758198461	0.0019651330544947568	0.0019651330544947568	0.0019651330544947568	0.021729332605928353	0.0019651330544947568	0.0019651330544947568	
[2009-apr-06,positive] : 0.1228925982993024	4.867058484836951E-4	4.867058484836951E-4	4.867058484836951E-4	4.867058484836951E-4	0.001434573147061894	4.867058484836951E-4	4.867058484836951E-4	4.867058484836951E-4	4.867058484836951E-4	0.003330307744218293	0.8470727481460442	4.867058484836951E-4	4.867058484836951E-4	4.867058484836951E-4	4.867058484836951E-4	4.867058484836951E-4	4.867058484836951E-4	0.0014575796348914622	0.01699831114971006	
[2009-apr-06,negative] : 0.8258499435347261	0.0011600319969885188	0.0011600319969885188	0.0011600319969885188	0.003432759269715792	0.0011600319969885188	0.0011600319969885188	0.012424854131375871	0.0011600319969885188	0.0011600319969885188	0.0011600319969885188	0.005932759269715792	0.0011600319969885188	0.0011600319969885188	0.0980045642763034	0.02466652550348202	0.012335450781102954	0.0011600319969885188	0.003432759269715792	0.0011600319969885188	
[2009-apr-07,neutral] : 0.9910899448841703	3.5677112037121595E-4	3.5677112037121595E-4	3.5677112037121595E-4	3.5677112037121595E-4	3.5677112037121595E-4	3.5677112037121595E-4	0.0010440563437389134	3.5677112037121595E-4	3.5677112037121595E-4	3.5677112037121595E-4	3.5677112037121595E-4	3.5677112037121595E-4	3.5677112037121595E-4	3.5677112037121595E-4	3.5677112037121595E-4	3.5677112037121595E-4	0.0010840438476439431	3.5677112037121595E-4	0.0010736169985074168	
[2009-apr-07,positive] : 0.0851422702718182	9.787748758758989E-5	9.787748758758989E-5	2.9668464464524395E-4	9.787748758758989E-5	9.787748758758989E-5	2.907415184458349E-4	9.787748758758989E-5	2.9668464464524395E-4	9.787748758758989E-5	0.03691886192321504	0.8129004666762505	9.787748758758989E-5	9.787748758758989E-5	6.911619621994846E-4	4.954918017028981E-4	9.787748758758989E-5	9.787748758758989E-5	9.787748758758989E-5	0.06189098419361423	
[2009-apr-07,negative] : 0.8746932979996093	0.001161493026024716	2.290920936237833E-4	2.290920936237833E-4	6.815807814065887E-4	6.952925598242495E-4	2.290920936237833E-4	2.290920936237833E-4	6.952925598242495E-4	2.290920936237833E-4	2.290920936237833E-4	0.002506996421642006	2.290920936237833E-4	2.290920936237833E-4	0.09365641657414403	2.290920936237833E-4	0.0029577359987382765	2.290920936237833E-4	0.020431881048925134	2.290920936237833E-4	
[2009-apr-17,neutral] : 0.9575775142731665	0.0022327624066754504	0.0022327624066754504	0.0022327624066754504	0.0022327624066754504	0.0022327624066754504	0.0022327624066754504	0.0022327624066754504	0.0022327624066754504	0.0022327624066754504	0.0022327624066754504	0.0022327624066754504	0.0022327624066754504	0.0022327624066754504	0.0022327624066754504	0.0022327624066754504	0.0022327624066754504	0.0022327624066754504	0.0022327624066754504	0.0022327624066754504	
[2009-apr-17,positive] : 0.03604551384746151	5.783292572476849E-4	5.783292572476849E-4	5.783292572476849E-4	5.783292572476849E-4	0.003974652035592935	0.0017277545446040068	5.783292572476849E-4	5.783292572476849E-4	0.0017277545446040068	0.03521007136149597	0.815176824350408	5.783292572476849E-4	5.783292572476849E-4	5.783292572476849E-4	5.783292572476849E-4	0.002898124846274043	5.783292572476849E-4	5.783292572476849E-4	0.09629935338258737	
[2009-apr-17,negative] : 0.9443869624127672	0.001941167774963557	0.001941167774963557	0.001941167774963557	0.005644871478667261	0.005787321621117404	0.001941167774963557	0.001941167774963557	0.001941167774963557	0.001941167774963557	0.001941167774963557	0.005714752680623935	0.001941167774963557	0.001941167774963557	0.005644871478667261	0.001941167774963557	0.001941167774963557	0.005644871478667261	0.001941167774963557	0.001941167774963557	
[2009-apr-18,neutral] : 0.9892799659053452	3.7226087023862554E-4	3.7226087023862554E-4	0.002570063068040824	3.7226087023862554E-4	3.7226087023862554E-4	3.7226087023862554E-4	3.7226087023862554E-4	3.7226087023862554E-4	3.7226087023862554E-4	3.7226087023862554E-4	3.7226087023862554E-4	3.7226087023862554E-4	3.7226087023862554E-4	3.7226087023862554E-4	3.7226087023862554E-4	3.7226087023862554E-4	0.0018215362325574662	3.7226087023862554E-4	3.7226087023862554E-4	
[2009-apr-18,positive] : 0.078832633403075	8.354655173256526E-5	2.5232292304058215E-4	8.354655173256526E-5	4.1604862987055363E-4	4.174363680931663E-4	8.354655173256526E-5	8.354655173256526E-5	8.354655173256526E-5	8.354655173256526E-5	0.03502502008911763	0.8246321182468547	8.354655173256526E-5	8.354655173256526E-5	8.354655173256526E-5	4.143984954877348E-4	8.354655173256526E-5	2.4897252361015006E-4	8.354655173256526E-5	0.05884203725179236	
[2009-apr-18,negative] : 0.8706290212208996	2.1758395278062255E-4	2.1758395278062255E-4	2.1758395278062255E-4	6.571443923410621E-4	0.004546728788254572	2.1758395278062255E-4	0.0010967048319015017	2.1758395278062255E-4	6.571443923410622E-4	2.1758395278062255E-4	0.05196866733074362	0.0011124385389103765	2.1758395278062255E-4	0.056789411675742495	6.650112458454996E-4	2.1758395278062255E-4	6.650112458454996E-4	0.009254460762149147	2.1758395278062255E-4	
[2009-apr-19,neutral] : 0.9900767222965472	2.317317828096534E-4	2.317317828096534E-4	2.317317828096534E-4	6.873126484132981E-4	2.317317828096534E-4	2.317317828096534E-4	2.317317828096534E-4	2.317317828096534E-4	2.317317828096534E-4	2.317317828096534E-4	2.317317828096534E-4	2.317317828096534E-4	2.317317828096534E-4	2.317317828096534E-4	2.317317828096534E-4	2.317317828096534E-4	0.005296524747275433	2.317317828096534E-4	2.317317828096534E-4	
[2009-apr-19,positive] : 0.10421860331544311	5.653818218473238E-5	5.653818218473238E-5	5.653818218473238E-5	5.653818218473238E-5	1.703038249606141E-4	5.653818218473238E-5	5.653818218473238E-5	5.653818218473238E-5	5.653818218473238E-5	0.030601919323516653	0.7905061704429188	5.653818218473238E-5	5.653818218473238E-5	5.653818218473238E-5	5.653818218473238E-5	5.653818218473238E-5	5.653818218473238E-5	5.653818218473238E-5	0.0736549303603899	
[2009-apr-19,negative] : 0.8675876704303416	4.3900143094529817E-4	0.0012906677938942502	1.4617566227765529E-4	4.398614185184777E-4	1.4617566227765529E-4	1.4617566227765529E-4	0.005962651785871488	0.0010112474967535958	1.4617566227765529E-4	1.4617566227765529E-4	0.03165946687223446	1.4617566227765529E-4	1.4617566227765529E-4	0.070273539926442	7.352977272415945E-4	7.326871871861204E-4	1.4617566227765529E-4	0.018552326970072232	1.4617566227765529E-4	
[2009-apr-20,neutral] : 0.9600543320058442	0.001104333134648176	3.66325754574375E-4	3.66325754574375E-4	0.0025561067764721854	0.0010883474152241946	3.66325754574375E-4	3.66325754574375E-4	3.66325754574375E-4	0.001104333134648176	0.001104333134648176	3.66325754574375E-4	3.66325754574375E-4	3.66325754574375E-4	3.66325754574375E-4	3.66325754574375E-4	3.66325754574375E-4	0.02822597958904815	3.66325754574375E-4	3.66325754574375E-4	
[2009-apr-20,positive] : 0.1448356106569691	8.468316834721814E-5	8.468316834721814E-5	8.468316834721814E-5	8.468316834721814E-5	8.468316834721814E-5	8.468316834721814E-5	8.468316834721814E-5	8.468316834721814E-5	8.468316834721814E-5	0.02719524562891192	0.7687776306453634	8.468316834721814E-5	8.468316834721814E-5	8.468316834721814E-5	5.937563628424076E-4	8.468316834721814E-5	8.468316834721814E-5	8.468316834721814E-5	0.05732750918070488	
[2009-apr-20,negative] : 0.8734975352490475	2.2331373686003704E-4	2.2331373686003704E-4	2.2331373686003704E-4	2.2331373686003704E-4	0.0011082694890724265	2.2331373686003704E-4	2.2331373686003704E-4	2.2331373686003704E-4	2.2331373686003704E-4	2.2331373686003704E-4	0.002454663006362822	6.571532162526618E-4	2.2331373686003704E-4	0.10677019458862233	2.2331373686003704E-4	6.667727169043829E-4	6.571532162526618E-4	0.011508493675164811	2.2331373686003704E-4	
[2009-apr-21,neutral] : 0.978334780725427	0.001941808080575276	6.260186068910654E-4	6.260186068910654E-4	6.260186068910654E-4	0.0018308378839994993	0.0019163411875362268	6.260186068910654E-4	6.260186068910654E-4	0.0018094505595537872	6.260186068910654E-4	6.260186068910654E-4	6.260186068910654E-4	6.260186068910654E-4	0.0018308378839994993	6.260186068910654E-4	6.260186068910654E-4	6.260186068910654E-4	0.0018094505595537872	0.0030142698366622213	
[2009-apr-21,positive] : 0.10262270218732761	1.6853178851091122E-4	1.6853178851091122E-4	1.6853178851091122E-4	1.6853178851091122E-4	1.6853178851091122E-4	1.6853178851091122E-4	1.6853178851091122E-4	1.6853178851091122E-4	5.075148393583689E-4	0.027110689027069923	0.8087780035078673	1.6853178851091122E-4	1.6853178851091122E-4	5.018651218442446E-4	1.6853178851091122E-4	1.6853178851091122E-4	1.6853178851091122E-4	1.6853178851091122E-4	0.058119780277379976	
[2009-apr-21,negative] : 0.8488153312779974	3.9731520757338293E-4	3.9731520757338293E-4	3.9731520757338293E-4	0.0012169873387209242	0.0027139175241756995	3.9731520757338293E-4	3.9731520757338293E-4	3.9731520757338293E-4	3.9731520757338293E-4	3.9731520757338293E-4	0.014599464888461358	3.9731520757338293E-4	3.9731520757338293E-4	0.12669457085704391	3.9731520757338293E-4	3.9731520757338293E-4	3.9731520757338293E-4	3.9731520757338293E-4	3.9731520757338293E-4	
[2009-mai-01,neutral] : 0.9735525780224809	0.004933805927980686	9.718563349631311E-4	9.718563349631311E-4	0.0029920583551651513	9.718563349631311E-4	9.718563349631311E-4	9.718563349631311E-4	9.718563349631311E-4	9.718563349631311E-4	9.718563349631311E-4	9.718563349631311E-4	9.718563349631311E-4	9.718563349631311E-4	9.718563349631311E-4	9.718563349631311E-4	0.002971856334963131	9.718563349631311E-4	9.718563349631311E-4	9.718563349631311E-4	
[2009-mai-01,positive] : 0.09539044531645476	2.1037513706862417E-4	2.1037513706862417E-4	2.1037513706862417E-4	2.1037513706862417E-4	2.1037513706862417E-4	2.1037513706862417E-4	2.1037513706862417E-4	6.253128964047238E-4	6.270418037352908E-4	0.028351814558213638	0.7692072536492287	2.1037513706862417E-4	2.1037513706862417E-4	0.0010507112715224057	0.0010507112715224057	2.1037513706862417E-4	2.1037513706862417E-4	2.1037513706862417E-4	0.10117220758809467	
[2009-mai-01,negative] : 0.9467111490366669	5.172298073333907E-4	5.172298073333907E-4	5.172298073333907E-4	0.001569861386280759	0.004705826298561461	5.172298073333907E-4	5.172298073333907E-4	5.172298073333907E-4	5.172298073333907E-4	5.172298073333907E-4	5.172298073333907E-4	5.172298073333907E-4	5.172298073333907E-4	0.03873748636115658	5.172298073333907E-4	5.172298073333907E-4	5.172298073333907E-4	5.172298073333907E-4	5.172298073333907E-4	
[2009-mai-02,neutral] : 0.9948707666530602	2.2317394474326798E-4	6.70601237808145E-4	2.2317394474326798E-4	2.2317394474326798E-4	2.2317394474326798E-4	2.2317394474326798E-4	2.2317394474326798E-4	2.2317394474326798E-4	2.2317394474326798E-4	2.2317394474326798E-4	2.2317394474326798E-4	6.646750484960273E-4	2.2317394474326798E-4	2.2317394474326798E-4	2.2317394474326798E-4	2.2317394474326798E-4	2.2317394474326798E-4	2.2317394474326798E-4	2.2317394474326798E-4	
[2009-mai-02,positive] : 0.09024980952163011	5.2574214638874384E-5	5.2574214638874384E-5	5.2574214638874384E-5	0.001111417616466431	5.2574214638874384E-5	5.2574214638874384E-5	5.2574214638874384E-5	2.6511406586097856E-4	5.2574214638874384E-5	0.029422961359368616	0.8039570419172094	5.2574214638874384E-5	5.2574214638874384E-5	5.2574214638874384E-5	9.925219953177257E-4	5.2574214638874384E-5	3.645866951380944E-4	5.2574214638874384E-5	0.07300565625334207	
[2009-mai-02,negative] : 0.8777330849565625	0.0012213018007216302	0.001241405745562362	1.364333698717543E-4	4.173322462762487E-4	0.012432831905067044	1.364333698717543E-4	1.364333698717543E-4	4.1267646379440626E-4	1.364333698717543E-4	4.0381304901613934E-4	0.0325584717367942	0.0014841422647504604	1.364333698717543E-4	0.05550268835868283	1.364333698717543E-4	4.059751488474955E-4	0.009358163327577402	0.005873079407244823	1.364333698717543E-4	
[2009-mai-03,neutral] : 0.9916841308592252	1.786140877657229E-4	1.786140877657229E-4	1.786140877657229E-4	5.449144540660893E-4	1.786140877657229E-4	0.0026204063449363525	1.786140877657229E-4	1.786140877657229E-4	1.786140877657229E-4	1.786140877657229E-4	1.786140877657229E-4	1.786140877657229E-4	1.786140877657229E-4	1.786140877657229E-4	1.786140877657229E-4	1.786140877657229E-4	0.002292722937520748	1.786140877657229E-4	1.786140877657229E-4	
[2009-mai-03,positive] : 0.09358538734959664	4.085480552042851E-5	2.0266710325505632E-4	4.085480552042851E-5	4.085480552042851E-5	4.085480552042851E-5	4.085480552042851E-5	4.085480552042851E-5	4.085480552042851E-5	4.085480552042851E-5	0.03175140901581413	0.7968986709876877	4.085480552042851E-5	4.085480552042851E-5	2.87716185096142E-4	2.0358873554483862E-4	4.085480552042851E-5	4.085480552042851E-5	4.085480552042851E-5	0.07653944815123984	
[2009-mai-03,negative] : 0.8673685607510041	7.154621402364468E-4	1.032172422772631E-4	1.032172422772631E-4	1.032172422772631E-4	0.009722264124644164	1.032172422772631E-4	5.084857326521365E-4	1.032172422772631E-4	3.072988749303243E-4	1.032172422772631E-4	0.025812516472826473	1.032172422772631E-4	1.032172422772631E-4	0.06736027802537621	0.001159640174764593	0.005053000144156741	1.032172422772631E-4	0.020555052646261215	5.084857326521365E-4	
[2009-mai-04,neutral] : 0.9602644088721763	3.672310856149267E-4	3.672310856149267E-4	0.0010866555460465814	0.0011248068431906843	3.672310856149267E-4	3.672310856149267E-4	3.672310856149267E-4	0.0031742486294745755	0.0010866555460465814	3.672310856149267E-4	3.672310856149267E-4	3.672310856149267E-4	3.672310856149267E-4	0.001068985471579839	3.672310856149267E-4	3.672310856149267E-4	0.02671848059252647	3.672310856149267E-4	0.001068985471579839	
[2009-mai-04,positive] : 0.14933158065406052	8.795679463921764E-5	8.795679463921764E-5	8.795679463921764E-5	8.795679463921764E-5	8.795679463921764E-5	8.795679463921764E-5	8.795679463921764E-5	8.795679463921764E-5	8.795679463921764E-5	0.02698652729712143	0.7607926636774167	8.795679463921764E-5	8.795679463921764E-5	2.654190839027491E-4	8.795679463921764E-5	8.795679463921764E-5	4.403797021282045E-4	8.795679463921764E-5	0.06095203446042139	
[2009-mai-04,negative] : 0.8483274172799161	6.854007996640047E-4	6.641317461368866E-4	2.2457130657644705E-4	2.2457130657644705E-4	0.007359731558012367	0.0011275058438224967	2.2457130657644705E-4	2.2457130657644705E-4	2.2457130657644705E-4	2.2457130657644705E-4	0.017791138560316114	6.709998780050185E-4	2.2457130657644705E-4	0.07469385716079698	0.0011249612392244444	0.010875292229948378	0.002010285592290732	0.03287270765925483	2.2457130657644705E-4	
[2009-mai-09,neutral] : 0.9859679540957688	5.59075659559292E-4	5.59075659559292E-4	5.59075659559292E-4	0.002812614668002128	5.59075659559292E-4	5.59075659559292E-4	5.59075659559292E-4	5.59075659559292E-4	5.59075659559292E-4	5.59075659559292E-4	5.59075659559292E-4	5.59075659559292E-4	5.59075659559292E-4	5.59075659559292E-4	5.59075659559292E-4	5.59075659559292E-4	0.0017151450237211415	5.59075659559292E-4	5.59075659559292E-4	
[2009-mai-09,positive] : 0.1317155195601901	1.232115841299892E-4	1.232115841299892E-4	1.232115841299892E-4	1.232115841299892E-4	1.232115841299892E-4	1.232115841299892E-4	1.232115841299892E-4	1.232115841299892E-4	1.232115841299892E-4	0.03189678734749256	0.678847047887206	1.232115841299892E-4	1.232115841299892E-4	1.232115841299892E-4	1.232115841299892E-4	3.686103571361242E-4	0.05973066233993969	1.232115841299892E-4	0.09571641033021586	
[2009-mai-09,negative] : 0.9228051172300258	8.885347698842208E-4	2.9856426840929443E-4	2.9856426840929443E-4	2.9856426840929443E-4	0.006848767157449668	2.9856426840929443E-4	0.0032519077254967955	2.9856426840929443E-4	2.9856426840929443E-4	2.9856426840929443E-4	0.007413710397085807	9.027938756600498E-4	2.9856426840929443E-4	0.05042494820434233	2.9856426840929443E-4	2.9856426840929443E-4	8.885347698842208E-4	0.003291478917668894	2.9856426840929443E-4	
[2009-mai-10,neutral] : 0.9848935741744246	2.4110371370042287E-4	7.253652149110766E-4	2.4110371370042287E-4	2.4110371370042287E-4	2.4110371370042287E-4	7.36153218650918E-4	2.4110371370042287E-4	2.4110371370042287E-4	7.094877886418749E-4	2.4110371370042287E-4	2.4110371370042287E-4	0.0017069583324161215	2.4110371370042287E-4	2.4110371370042287E-4	2.4110371370042287E-4	2.4110371370042287E-4	0.006889667223247858	2.4110371370042287E-4	0.001204445769602051	
[2009-mai-10,positive] : 0.12018997216369112	5.026191972985197E-5	5.026191972985197E-5	5.026191972985197E-5	5.026191972985197E-5	5.026191972985197E-5	2.518748229556584E-4	5.026191972985197E-5	5.026191972985197E-5	5.026191972985197E-5	0.034538541726869376	0.6830059281837892	5.026191972985197E-5	5.026191972985197E-5	5.026191972985197E-5	6.502619197298519E-4	5.026191972985197E-5	0.08277583259053622	5.026191972985197E-5	0.07793418363594043	
[2009-mai-10,negative] : 0.8940072228502842	9.3159553096669E-4	1.3159553096669005E-4	1.3159553096669005E-4	1.3159553096669005E-4	0.015898004013122323	1.3159553096669005E-4	4.004127352677654E-4	1.3159553096669005E-4	1.3159553096669005E-4	1.3159553096669005E-4	0.019279223547064274	1.3159553096669005E-4	1.3159553096669005E-4	0.038556076826595606	0.0011828438883911313	0.01564917490581253	3.944076203228005E-4	0.012385082772505659	1.3159553096669005E-4	
[2009-mai-11,neutral] : 0.92905635661417	0.0015269539983319624	0.0015269539983319624	0.010222606172245005	0.0015269539983319624	0.0015269539983319624	0.0015269539983319624	0.0015269539983319624	0.00460387707525504	0.0045120286251976345	0.0015269539983319624	0.0015269539983319624	0.0015269539983319624	0.02252358228892521	0.0015269539983319624	0.0015269539983319624	0.0015269539983319624	0.007704193247559808	0.0015269539983319624	0.0015269539983319624	
[2009-mai-11,positive] : 0.0955254104523537	3.661634957987268E-4	3.661634957987268E-4	3.661634957987268E-4	3.661634957987268E-4	3.661634957987268E-4	3.661634957987268E-4	3.661634957987268E-4	3.661634957987268E-4	3.661634957987268E-4	0.028058533417517108	0.790555092112655	3.661634957987268E-4	3.661634957987268E-4	3.661634957987268E-4	3.661634957987268E-4	0.0010855879562303816	3.661634957987268E-4	3.661634957987268E-4	0.07928292362426288	
[2009-mai-11,negative] : 0.8994338727913493	8.925143434489229E-4	8.925143434489229E-4	8.925143434489229E-4	8.925143434489229E-4	8.925143434489229E-4	8.925143434489229E-4	0.011671150122084702	8.925143434489229E-4	8.925143434489229E-4	8.925143434489229E-4	0.022279047739328112	8.925143434489229E-4	8.925143434489229E-4	0.0025591810101155896	8.925143434489229E-4	8.925143434489229E-4	8.925143434489229E-4	0.050669033185388325	8.925143434489229E-4	
[2009-mai-13,neutral] : 0.953352978628802	0.0016048709388014975	0.0016048709388014975	0.0016048709388014975	0.0016048709388014975	0.0016048709388014975	0.0016048709388014975	0.0016048709388014975	0.0016048709388014975	0.0016048709388014975	0.0016048709388014975	0.0016048709388014975	0.0016048709388014975	0.0016048709388014975	0.0016048709388014975	0.0016048709388014975	0.0016048709388014975	0.004938204272134831	0.014426011139437662	0.0016048709388014975	
[2009-mai-13,positive] : 0.15293523943441922	3.971564721506132E-4	0.023454730099210997	3.971564721506132E-4	3.971564721506132E-4	3.971564721506132E-4	3.971564721506132E-4	3.971564721506132E-4	3.971564721506132E-4	0.008352784938676666	0.015474103585657373	0.7128133739551596	0.0011939692211545975	3.971564721506132E-4	3.971564721506132E-4	3.971564721506132E-4	3.971564721506132E-4	3.971564721506132E-4	3.971564721506132E-4	0.08061276462776346	
[2009-mai-13,negative] : 0.820063644198024	8.238422992186557E-4	8.238422992186557E-4	8.238422992186557E-4	8.238422992186557E-4	8.238422992186557E-4	8.238422992186557E-4	0.010715322429933238	8.238422992186557E-4	8.238422992186557E-4	8.238422992186557E-4	0.021794386906126898	8.238422992186557E-4	8.238422992186557E-4	0.10110159310095126	8.238422992186557E-4	0.007578228264130937	8.238422992186557E-4	0.02721303291177255	8.238422992186557E-4	
[2009-mai-14,neutral] : 0.9633527219417906	9.1766087998752E-4	3.022762646029045E-4	3.022762646029045E-4	3.022762646029045E-4	3.022762646029045E-4	3.022762646029045E-4	3.022762646029045E-4	3.022762646029045E-4	3.022762646029045E-4	3.022762646029045E-4	3.022762646029045E-4	3.022762646029045E-4	3.022762646029045E-4	3.022762646029045E-4	3.022762646029045E-4	3.022762646029045E-4	0.030590920679972645	3.022762646029045E-4	3.022762646029045E-4	
[2009-mai-14,positive] : 0.10084135117442208	7.568018376511617E-5	6.83118362234372E-4	7.568018376511617E-5	2.2560522124637556E-4	2.2560522124637556E-4	7.568018376511617E-5	7.568018376511617E-5	2.282354850618362E-4	8.364075637432982E-4	0.023247925210200082	0.8030137030200921	3.8108135501357753E-4	7.568018376511617E-5	2.282354850618362E-4	7.568018376511617E-5	7.568018376511617E-5	7.568018376511617E-5	7.568018376511617E-5	0.06940761024779192	
[2009-mai-14,negative] : 0.8767151996132603	5.227842143652111E-4	1.7676345311953633E-4	1.7676345311953633E-4	1.7676345311953633E-4	0.005518092622495774	1.7676345311953633E-4	5.227842143652111E-4	1.7676345311953633E-4	1.7676345311953633E-4	1.7676345311953633E-4	0.04830874651450416	1.7676345311953633E-4	1.7676345311953633E-4	0.04970135922747363	8.923269593807172E-4	0.001914828798987191	0.001597747365291111	0.012538495938681341	1.7676345311953633E-4	
[2009-mai-16,neutral] : 0.9493201944635675	7.02611989167666E-4	7.02611989167666E-4	7.02611989167666E-4	7.02611989167666E-4	7.02611989167666E-4	7.02611989167666E-4	0.03662433902718909	7.02611989167666E-4	7.02611989167666E-4	7.02611989167666E-4	7.02611989167666E-4	0.0021110626933930183	7.02611989167666E-4	7.02611989167666E-4	7.02611989167666E-4	7.02611989167666E-4	7.02611989167666E-4	7.02611989167666E-4	7.02611989167666E-4	
[2009-mai-16,positive] : 0.07696272833018877	1.6180410737668628E-4	1.6180410737668628E-4	1.6180410737668628E-4	1.6180410737668628E-4	1.6180410737668628E-4	4.8490588443646015E-4	1.6180410737668628E-4	1.6180410737668628E-4	1.6180410737668628E-4	0.022564541628218672	0.8212971736913233	1.6180410737668628E-4	1.6180410737668628E-4	1.6180410737668628E-4	1.6180410737668628E-4	1.6180410737668628E-4	1.6180410737668628E-4	1.6180410737668628E-4	0.0762635888551825	
[2009-mai-16,negative] : 0.8663924640544776	0.0010871289739212398	3.545282413205072E-4	3.545282413205072E-4	3.545282413205072E-4	0.0010465697638118569	0.0010465697638118569	0.0024800586739001517	3.545282413205072E-4	0.0010765499019703268	3.545282413205072E-4	0.042155560578986895	3.545282413205072E-4	3.545282413205072E-4	0.07126986470815594	3.545282413205072E-4	3.545282413205072E-4	3.545282413205072E-4	0.009545422926438556	3.545282413205072E-4	
[2009-mai-17,neutral] : 0.9631257824185978	1.4013825272425197E-4	1.4013825272425197E-4	0.002879563254941993	1.4013825272425197E-4	1.4013825272425197E-4	1.4013825272425197E-4	1.4013825272425197E-4	1.4013825272425197E-4	1.4013825272425197E-4	6.972413167911043E-4	1.4013825272425197E-4	1.4013825272425197E-4	0.002067655271180153	1.4013825272425197E-4	1.4013825272425197E-4	1.4013825272425197E-4	0.02912768394762527	1.4013825272425197E-4	1.4013825272425197E-4	
[2009-mai-17,positive] : 0.08986211262155253	3.176132451122303E-5	4.0876415203242944E-4	3.176132451122303E-5	1.6071038963050093E-4	3.176132451122303E-5	3.176132451122303E-5	3.176132451122303E-5	3.176132451122303E-5	3.176132451122303E-5	0.02628987634060249	0.793355817634999	3.176132451122303E-5	9.623585707086198E-5	3.176132451122303E-5	1.5988432258937806E-4	3.176132451122303E-5	3.176132451122303E-5	3.176132451122303E-5	0.08928546278738811	
[2009-mai-17,negative] : 0.8770421204120886	8.082955562117326E-5	8.082955562117326E-5	8.082955562117326E-5	8.082955562117326E-5	0.0018638064221615605	8.082955562117326E-5	0.007506613535883567	8.082955562117326E-5	2.432990925829929E-4	8.082955562117326E-5	0.036797838921661205	8.082955562117326E-5	8.082955562117326E-5	0.05777873033953085	8.082955562117326E-5	8.082955562117326E-5	8.082955562117326E-5	0.01771680705301585	8.082955562117326E-5	
[2009-mai-18,neutral] : 0.9707908602972019	1.3680394284234647E-4	1.3680394284234647E-4	4.100279865581934E-4	1.3680394284234647E-4	1.3680394284234647E-4	1.3680394284234647E-4	4.1849408368741685E-4	1.3680394284234647E-4	1.3680394284234647E-4	1.3680394284234647E-4	1.3680394284234647E-4	1.3680394284234647E-4	0.0015142144111619056	1.3680394284234647E-4	1.3680394284234647E-4	1.3680394284234647E-4	0.02454112003503973	1.3680394284234647E-4	4.100279865581934E-4	
[2009-mai-18,positive] : 0.11684542621936056	3.197594416365654E-5	9.642969859485217E-5	3.197594416365654E-5	3.197594416365654E-5	9.544785784185394E-5	3.197594416365654E-5	3.197594416365654E-5	3.197594416365654E-5	3.197594416365654E-5	0.02717274350143749	0.7935173850309487	3.197594416365654E-5	3.197594416365654E-5	9.514713809922193E-5	3.197594416365654E-5	3.197594416365654E-5	3.197594416365654E-5	3.197594416365654E-5	0.06176173327958965	
[2009-mai-18,negative] : 0.880015663330371	5.893278301987584E-4	8.385184030827821E-5	8.385184030827821E-5	8.385184030827821E-5	0.0014222098468769236	8.385184030827821E-5	4.177416566688792E-4	4.184413419504396E-4	8.385184030827821E-5	8.385184030827821E-5	0.017010187473108465	2.507967484885787E-4	8.385184030827821E-5	0.08579090773158944	8.385184030827821E-5	7.578198268289184E-4	8.385184030827821E-5	0.012488385810835665	8.385184030827821E-5	
[2009-mai-21,neutral] : 0.9461532356532357	0.0025708823340402287	0.0025708823340402287	0.0025708823340402287	0.0025708823340402287	0.0025708823340402287	0.0025708823340402287	0.0025708823340402287	0.007570882334040229	0.0025708823340402287	0.0025708823340402287	0.0025708823340402287	0.0025708823340402287	0.0025708823340402287	0.0025708823340402287	0.0025708823340402287	0.0025708823340402287	0.0025708823340402287	0.0025708823340402287	0.0025708823340402287	
[2009-mai-21,positive] : 0.1638049321509549	5.877709412302835E-4	5.877709412302835E-4	5.877709412302835E-4	5.877709412302835E-4	5.877709412302835E-4	0.0017371962285866055	5.877709412302835E-4	0.0029067868718614595	5.877709412302835E-4	0.007705157904573601	0.8023050231409755	5.877709412302835E-4	5.877709412302835E-4	5.877709412302835E-4	5.877709412302835E-4	5.877709412302835E-4	5.877709412302835E-4	5.877709412302835E-4	0.01331211052582395	
[2009-mai-21,negative] : 0.7765855529703372	0.010440853753599079	0.0015283624121075056	0.0015283624121075056	0.0015283624121075056	0.0015283624121075056	0.0015283624121075056	0.022461310528154216	0.0015283624121075056	0.0015283624121075056	0.0015283624121075056	0.007083917967663061	0.017126653010398105	0.0015283624121075056	0.05962867086221969	0.0015283624121075056	0.01371954227818924	0.007682208565953659	0.0684593035303033	0.0015283624121075056	
[2009-mai-22,neutral] : 0.9938188041420446	1.3206520647332764E-4	1.3206520647332764E-4	1.3206520647332764E-4	4.0052158231225385E-4	1.3206520647332764E-4	1.3206520647332764E-4	1.3206520647332764E-4	1.3206520647332764E-4	0.0014530691694852166	8.830038798150046E-4	1.3206520647332764E-4	0.00119731154468904	1.3206520647332764E-4	1.3206520647332764E-4	1.3206520647332764E-4	1.3206520647332764E-4	3.983767910272558E-4	1.3206520647332764E-4	1.3206520647332764E-4	
[2009-mai-22,positive] : 0.13865290757981658	3.088203610433575E-5	3.088203610433575E-5	3.088203610433575E-5	3.088203610433575E-5	9.289753998030475E-5	3.088203610433575E-5	1.5514422933204624E-4	3.088203610433575E-5	3.088203610433575E-5	0.03221524255199381	0.7595138891940144	3.088203610433575E-5	3.088203610433575E-5	3.088203610433575E-5	0.00501950388188913	3.088203610433575E-5	3.088203610433575E-5	3.088203610433575E-5	0.06394894855361731	
[2009-mai-22,negative] : 0.9050758219490399	0.0022838506282663175	2.517817839941537E-4	8.441776725775199E-5	8.441776725775199E-5	0.009897073166255769	8.441776725775199E-5	2.5080711833928274E-4	8.441776725775199E-5	8.441776725775199E-5	8.441776725775199E-5	0.011953682224184137	8.441776725775199E-5	8.441776725775199E-5	0.05324448375583067	8.441776725775199E-5	0.001088601867676162	9.600745098146699E-4	0.01414964532402133	8.441776725775199E-5	
[2009-mai-23,neutral] : 0.3666666666666667	0.03333333333333333	0.03333333333333333	0.03333333333333333	0.03333333333333333	0.03333333333333333	0.03333333333333333	0.03333333333333333	0.03333333333333333	0.03333333333333333	0.03333333333333333	0.03333333333333333	0.03333333333333333	0.03333333333333333	0.03333333333333333	0.03333333333333333	0.03333333333333333	0.03333333333333333	0.03333333333333333	0.03333333333333333	
[2009-mai-23,positive] : 0.07166666666666667	0.014523809523809526	0.014523809523809526	0.014523809523809526	0.014523809523809526	0.014523809523809526	0.014523809523809526	0.06452380952380952	0.014523809523809526	0.014523809523809526	0.014523809523809526	0.616904761904762	0.014523809523809526	0.014523809523809526	0.014523809523809526	0.014523809523809526	0.014523809523809526	0.014523809523809526	0.014523809523809526	0.014523809523809526	
[2009-mai-23,negative] : 0.58	0.02	0.02	0.02	0.02	0.02	0.02	0.02	0.02	0.02	0.02	0.06000000000000001	0.02	0.02	0.02	0.02	0.02	0.02	0.02	0.02	
[2009-mai-25,neutral] : 0.2033333333333333	0.03666666666666667	0.03666666666666667	0.03666666666666667	0.03666666666666667	0.03666666666666667	0.03666666666666667	0.03666666666666667	0.03666666666666667	0.03666666666666667	0.03666666666666667	0.03666666666666667	0.03666666666666667	0.13666666666666666	0.03666666666666667	0.03666666666666667	0.03666666666666667	0.03666666666666667	0.03666666666666667	0.03666666666666667	
[2009-mai-25,positive] : 0.008356643356643356	0.008356643356643356	0.008356643356643356	0.008356643356643356	0.008356643356643356	0.008356643356643356	0.008356643356643356	0.008356643356643356	0.008356643356643356	0.008356643356643356	0.259055944055944	0.5571911421911422	0.008356643356643356	0.008356643356643356	0.008356643356643356	0.008356643356643356	0.008356643356643356	0.008356643356643356	0.008356643356643356	0.04168997668997669	
[2009-mai-25,negative] : 0.5719047619047618	0.014761904761904764	0.014761904761904764	0.014761904761904764	0.014761904761904764	0.014761904761904764	0.014761904761904764	0.014761904761904764	0.014761904761904764	0.014761904761904764	0.014761904761904764	0.0480952380952381	0.014761904761904764	0.014761904761904764	0.12904761904761905	0.014761904761904764	0.014761904761904764	0.014761904761904764	0.014761904761904764	0.014761904761904764	
[2009-mai-26,neutral] : 0.9792742228589045	0.0015603609614688455	5.132405426206779E-4	0.0015182656682488187	0.005439834295699799	5.132405426206779E-4	5.132405426206779E-4	5.132405426206779E-4	5.132405426206779E-4	5.132405426206779E-4	0.004508708076367845	5.132405426206779E-4	5.132405426206779E-4	5.132405426206779E-4	5.132405426206779E-4	5.132405426206779E-4	5.132405426206779E-4	5.132405426206779E-4	5.132405426206779E-4	5.132405426206779E-4	
[2009-mai-26,positive] : 0.10033476631262868	1.33451016961004E-4	1.33451016961004E-4	1.33451016961004E-4	1.33451016961004E-4	1.33451016961004E-4	0.0017313205242845727	1.33451016961004E-4	1.33451016961004E-4	1.33451016961004E-4	0.015363741259326302	0.7961672799071706	1.33451016961004E-4	1.33451016961004E-4	1.33451016961004E-4	6.671422806593172E-4	1.33451016961004E-4	1.33451016961004E-4	1.33451016961004E-4	0.08386743547847644	
[2009-mai-26,negative] : 0.9339031936330604	2.746900066747216E-4	2.746900066747216E-4	2.746900066747216E-4	2.746900066747216E-4	0.0030356158096554223	2.746900066747216E-4	0.011177197773139788	2.746900066747216E-4	2.746900066747216E-4	2.746900066747216E-4	0.008075758147967873	2.746900066747216E-4	2.746900066747216E-4	0.03048448587455251	8.333492245518166E-4	0.001376618381330369	8.333492245518166E-4	0.007258841857768124	2.746900066747216E-4	
[2009-mai-27,neutral] : 0.827608604845447	0.005616123642439431	0.005616123642439431	0.005616123642439431	0.005616123642439431	0.005616123642439431	0.005616123642439431	0.005616123642439431	0.005616123642439431	0.005616123642439431	0.005616123642439431	0.005616123642439431	0.015139933166248959	0.005616123642439431	0.005616123642439431	0.005616123642439431	0.005616123642439431	0.061777360066833764	0.005616123642439431	0.005616123642439431	
[2009-mai-27,positive] : 0.16711542745753272	0.0017929039771145037	0.0017929039771145037	0.0017929039771145037	0.0017929039771145037	0.0017929039771145037	0.008810447836763626	0.0017929039771145037	0.0017929039771145037	0.0017929039771145037	0.005364332548543076	0.7083748892433104	0.0017929039771145037	0.0017929039771145037	0.0017929039771145037	0.005364332548543076	0.0017929039771145037	0.0017929039771145037	0.0017929039771145037	0.07986991468570416	
[2009-mai-27,negative] : 0.8779693191865606	0.0037818744473916885	0.010678426171529622	0.0037818744473916885	0.01067842617152962	0.025574977895667556	0.0037818744473916885	0.0037818744473916885	0.0037818744473916885	0.0037818744473916885	0.0037818744473916885	0.0037818744473916885	0.0037818744473916885	0.0037818744473916885	0.0037818744473916885	0.0037818744473916885	0.0037818744473916885	0.0037818744473916885	0.018370733863837314	0.0037818744473916885	
[2009-mai-28,neutral] : 0.9531669403393541	3.6873922669084793E-4	0.0025115963695479912	3.6873922669084793E-4	3.6873922669084793E-4	3.6873922669084793E-4	3.6873922669084793E-4	3.6873922669084793E-4	3.6873922669084793E-4	3.6873922669084793E-4	3.6873922669084793E-4	3.6873922669084793E-4	0.00182929359769298	0.0010830249409765624	3.6873922669084793E-4	3.6873922669084793E-4	0.0011350227515950625	0.0351117728271614	3.6873922669084793E-4	3.6873922669084793E-4	
[2009-mai-28,positive] : 0.0849551949402403	8.219013347489598E-5	8.219013347489598E-5	8.219013347489598E-5	8.219013347489598E-5	8.219013347489598E-5	8.219013347489598E-5	8.219013347489598E-5	8.219013347489598E-5	8.219013347489598E-5	0.021487113566642894	0.8045455170537308	8.219013347489598E-5	8.219013347489598E-5	8.219013347489598E-5	7.350528338652552E-4	8.219013347489598E-5	8.219013347489598E-5	8.219013347489598E-5	0.08704426960339742	
[2009-mai-28,negative] : 0.9430609557890515	5.795450026700234E-4	1.9418854794940672E-4	1.9418854794940672E-4	5.795450026700234E-4	0.0013683568454053755	5.817854471742128E-4	0.006403086680946049	1.9418854794940672E-4	1.9418854794940672E-4	1.9418854794940672E-4	1.9418854794940672E-4	1.9418854794940672E-4	1.9418854794940672E-4	0.022363548714819353	0.002513048609785675	5.795450026700234E-4	0.0033299176357198335	0.016892968337543265	1.9418854794940672E-4	
[2009-mai-29,neutral] : 0.9968329660020843	7.736340430987937E-5	7.736340430987937E-5	7.736340430987937E-5	2.312095581560332E-4	2.2584150379020607E-4	7.736340430987937E-5	3.8016431271260456E-4	7.736340430987937E-5	7.736340430987937E-5	2.355912524111452E-4	7.736340430987937E-5	7.736340430987937E-5	3.850557120021871E-4	7.736340430987937E-5	7.736340430987937E-5	7.736340430987937E-5	5.452195547137736E-4	2.355912524111452E-4	7.736340430987937E-5	
[2009-mai-29,positive] : 0.09769752803478303	1.891556093786925E-5	1.891556093786925E-5	1.891556093786925E-5	1.891556093786925E-5	1.318248571365896E-4	1.891556093786925E-5	1.891556093786925E-5	1.891556093786925E-5	5.709807334718579E-5	0.021404916279629264	0.8021422141975517	1.891556093786925E-5	1.891556093786925E-5	1.3188870782247013E-4	0.008149506407814406	1.891556093786925E-5	1.891556093786925E-5	1.891556093786925E-5	0.07005803671066099	
[2009-mai-29,negative] : 0.9265980844277854	3.9895372347654594E-4	4.450091000733904E-5	4.450091000733904E-5	4.450091000733904E-5	0.003963403915361137	4.450091000733904E-5	3.96613586063677E-4	4.450091000733904E-5	1.3528620278990827E-4	4.450091000733904E-5	0.021112656327390223	4.450091000733904E-5	4.450091000733904E-5	0.036196700409123886	4.450091000733904E-5	3.1117020460496995E-4	5.780747554947264E-4	0.009864047347836098	4.450091000733904E-5	
[2009-mai-30,neutral] : 0.9943698214453034	1.5158725609871977E-4	1.5852476303622673E-4	0.0011744166090079662	6.598013021031641E-4	5.168715619861987E-5	5.168715619861987E-5	5.168715619861987E-5	2.653623698738336E-4	5.168715619861987E-5	1.573395597908016E-4	5.168715619861987E-5	2.584248629363266E-4	1.573395597908016E-4	5.168715619861987E-5	5.168715619861987E-5	5.168715619861987E-5	0.0021305107100725875	5.168715619861987E-5	5.168715619861987E-5	
[2009-mai-30,positive] : 0.1016096768129382	3.5042707644257036E-5	0.018264432007696074	1.1746260352469034E-5	1.1746260352469034E-5	5.833915493604503E-5	1.1746260352469034E-5	1.1746260352469034E-5	3.5400902576005403E-5	1.0636482924661448E-4	0.026711267229798764	0.7777058341983013	1.1746260352469034E-5	1.1746260352469034E-5	1.1746260352469034E-5	1.1746260352469034E-5	1.1746260352469034E-5	1.1746260352469034E-5	1.1746260352469034E-5	0.0753444332929856	
[2009-mai-30,negative] : 0.889892035932454	0.00839823187496861	3.011197085606531E-5	3.011197085606531E-5	3.011197085606531E-5	0.008520381775906919	3.011197085606531E-5	0.0012944390559279117	3.011197085606531E-5	3.011197085606531E-5	3.011197085606531E-5	0.028217835102610844	3.011197085606531E-5	3.011197085606531E-5	0.04435159910005645	3.011197085606531E-5	3.011197085606531E-5	3.011197085606531E-5	0.018934021536946406	3.011197085606531E-5	
[2009-mai-31,neutral] : 0.9818484585359049	1.6169126403603568E-4	5.468216826289494E-5	0.003003709232883291	5.468216826289494E-5	5.468216826289494E-5	5.468216826289494E-5	5.468216826289494E-5	5.468216826289494E-5	5.468216826289494E-5	5.468216826289494E-5	5.468216826289494E-5	5.468216826289494E-5	3.7570945558231705E-4	5.468216826289494E-5	5.468216826289494E-5	5.468216826289494E-5	0.013570830341315227	5.468216826289494E-5	2.7405081459783344E-4	
[2009-mai-31,positive] : 0.10731527584056082	1.252266106776348E-5	1.252266106776348E-5	1.252266106776348E-5	1.252266106776348E-5	0.022600119651040404	8.777692934866437E-5	1.252266106776348E-5	1.252266106776348E-5	6.279604649295524E-5	0.033434490950000686	0.7769537803316533	1.252266106776348E-5	3.7478987496513166E-5	1.252266106776348E-5	1.252266106776348E-5	1.252266106776348E-5	3.7478987496513166E-5	1.252266106776348E-5	0.05933305300416486	
[2009-mai-31,negative] : 0.8925266124001483	8.404307882741112E-4	3.343684072871779E-5	3.343684072871779E-5	3.343684072871779E-5	0.007062019210809005	9.970589308126916E-5	5.022914957856501E-4	3.343684072871779E-5	1.0012573702748405E-4	3.343684072871779E-5	0.025575509718981808	3.343684072871779E-5	3.343684072871779E-5	0.04764162059950029	3.343684072871779E-5	0.009387808105067766	3.343684072871779E-5	0.01586323859168447	9.970589308126916E-5	
[2009-jun-01,neutral] : 0.9428348668701199	3.1816985441709554E-4	1.3761526459700178E-4	4.052462851596234E-4	4.549181918014317E-5	4.549181918014317E-5	4.549181918014317E-5	4.549181918014317E-5	1.3731918373478046E-4	4.549181918014317E-5	4.549181918014317E-5	4.549181918014317E-5	4.549181918014317E-5	4.549181918014317E-5	4.549181918014317E-5	4.549181918014317E-5	0.03861751525545386	0.016865750191758937	1.3761526459700178E-4	4.549181918014317E-5	
[2009-jun-01,positive] : 0.09718751530210663	1.179433811175108E-5	1.179433811175108E-5	1.179433811175108E-5	3.5249246051237416E-5	0.012132410618256293	1.179433811175108E-5	1.179433811175108E-5	3.5567070787372146E-5	1.9935410275781417E-4	0.02505153145486741	0.7994572818144604	1.179433811175108E-5	1.179433811175108E-5	1.179433811175108E-5	2.00718650309177E-4	3.5169747181409804E-5	1.179433811175108E-5	1.179433811175108E-5	0.06554725861210485	
[2009-jun-01,negative] : 0.8889264986797715	0.0030837897410415046	2.7391523098763272E-5	2.7391523098763272E-5	2.7391523098763272E-5	0.0028241843887868334	2.7391523098763272E-5	1.3690705069150405E-4	2.7391523098763272E-5	2.7391523098763272E-5	2.7391523098763272E-5	0.02485500658783143	1.3650227050738303E-4	2.7391523098763272E-5	0.05694007969229686	2.7391523098763272E-5	0.007425346210459175	3.547237653246225E-4	0.015043046382301658	2.7391523098763272E-5	
