PositiveNum + NegativeNum = 201574	PositiveNum = 109595	NegativeNum = 91979
TP=83009	FN=26586	TN=42805	FP=49174	
Accuracy: 0.6241578775040432
Precision: 0.6279854444217486
Recall: 0.7574159405082349
F1: 0.686654699765901
