PositiveNum + NegativeNum = 198589	PositiveNum = 107406	NegativeNum = 91183
TP=81950	FN=25456	TN=41588	FP=49595	
Accuracy: 0.6220787656919567
Precision: 0.6229807290280892
Recall: 0.7629927564568088
F1: 0.6859146854376001
